-102 -319 -4296 -305 425 -223 -4356 2554 1601 1341 62 71 4703 1216 212 1833 1053 -4759 -2858 2078 3845 -3202 1315 2278 1425 1911 -1517 -1364 3383 2212 -221 1410 398 952 -3097 -2300 910 1099 -3143 741 680 -802 -989 1461 
-292 -127 -302 -4341 2559 487 -172 -4462 30 1773 1341 -74 1833 4660 1218 221 2118 1004 -4829 -2886 2294 3831 -3247 1309 -1369 1363 1933 -1512 1415 3417 2230 -191 -2276 445 978 -3082 779 930 1185 -3144 1414 608 -881 -1068 
-4291 -288 -83 -303 -4407 2584 452 -179 -185 69 1783 1327 279 1818 4736 1193 -2861 2074 1042 -4839 1296 2233 3816 -3190 -1539 -1348 1385 1938 -215 1461 3360 2250 -3069 -2265 421 957 -3172 717 953 1153 -1087 1454 613 -864 
-351 -4313 -348 -133 -199 -4416 2540 463 1366 45 50 1625 1246 250 1823 4655 -4812 -2841 2070 1014 -3234 1326 2289 3811 1927 -1536 -1327 1395 2203 -213 1430 3396 952 -3121 -2296 418 1127 -3118 742 934 -873 -1050 1450 687 
455 2609 -4443 -208 -284 2031 -2376 2049 3733 2853 -160 -201 1489 3089 251 2139 1989 -2916 -4124 1959 2358 -694 -333 2913 3414 1221 -930 -2177 1826 3806 1640 562 2157 1656 -3112 -1942 558 2944 -1051 731 1249 -1982 -3089 3386 
-203 426 2600 -4373 2031 -345 2011 -2337 -172 3725 2850 -150 2146 1614 3097 213 1999 2039 -2985 -4281 2857 2358 -593 -301 -2199 3444 1230 -997 446 1801 3844 1603 -1908 2170 1639 -3150 724 555 2947 -1062 3351 1245 -2001 -3094 
-4431 -223 445 2597 -2353 2025 -328 2038 -92 -155 3698 2802 326 2169 1454 3052 -4141 1924 2004 -2921 -328 2964 2433 -705 -982 -2238 3423 1237 1620 487 1919 3786 -3135 -1889 2182 1623 -1077 645 542 2944 -3097 3373 1237 -1981 
2570 -4428 -210 456 2047 -2339 2048 -311 2815 -158 -201 3699 3107 211 2124 1573 -2980 -4273 1983 2021 -597 -281 2860 2373 1253 -956 -2194 3459 3827 1602 479 1803 1673 -3141 -1935 2149 2943 -1023 746 519 -2015 -3083 3397 1260 
1620 20 -145 1317 3738 -178 -93 2851 -389 193 2362 221 465 841 4108 1610 4553 -4055 876 -220 1815 -3772 4610 -715 273 1538 184 36 1473 770 2485 2856 1972 1326 -2193 764 1574 1063 -166 1948 1842 -4866 1883 -99 
1334 1772 39 54 2841 3703 -171 -153 187 -480 160 2342 1582 480 909 4087 -234 4554 -4063 862 -732 1739 -3805 4612 7 310 1546 296 2881 1474 807 2496 743 1949 1236 -2223 1930 1594 1029 -175 -106 1846 -4851 1880 
67 1344 1828 43 -128 2845 3669 -221 2369 125 -462 231 4084 1577 475 839 864 -177 4585 -4099 4601 -697 1803 -3757 296 5 262 1547 2454 2888 1480 800 -2250 801 1907 1296 -178 1991 1543 1038 1915 -75 1895 -4874 
5 -78 1344 1631 -164 -95 2825 3710 175 2370 202 -433 924 4146 1591 539 -4073 856 -288 4559 -3772 4591 -686 1735 1550 215 61 279 775 2524 2840 1464 1272 -2200 773 1956 992 -157 1897 1543 -4844 1899 -81 1850 
4653 1857 298 1188 1640 2140 154 3060 484 1601 4112 860 22 2375 3775 2382 4538 -2995 108 398 1024 -2036 4138 -163 1978 3159 3560 -197 1035 572 2873 1504 4201 3002 510 584 979 1229 790 2721 2486 -2936 911 1368 
1202 4675 1808 251 3092 1545 2153 259 871 460 1575 4167 2320 24 2331 3812 352 4527 -3048 75 -186 916 -1857 4163 -150 1953 3200 3553 1394 1015 490 2858 527 4163 2962 428 2694 976 1204 730 1333 2494 -2957 912 
266 1198 4656 1808 133 3080 1619 2133 4157 901 541 1574 3800 2354 -12 2348 -4 379 4558 -3030 4134 -169 980 -1989 3541 -195 1976 3155 2858 1511 1042 570 474 578 4230 2960 769 2769 972 1245 926 1326 2501 -2935 
1817 231 1266 4671 2176 257 3059 1580 1571 4102 903 472 2359 3783 2365 39 -3043 -6 286 4521 -1898 4156 -215 920 3181 3555 -205 1911 519 2839 1456 989 2996 420 531 4184 1179 741 2700 942 -2936 929 1403 2470 
1032 2019 -2874 -4796 2006 1928 -4191 -2917 4564 -155 842 -4095 4581 382 66 -3024 -653 -4562 -583 -4522 4994 -5510 2070 -2565 3782 1010 96 -2040 2103 2718 -1541 -735 1431 1671 -3257 -3377 356 3666 -4274 -920 2414 -3093 -1418 291 
-4780 999 2100 -2880 -2920 2004 1950 -4156 -4035 4573 -187 836 -3010 4492 338 86 -4502 -613 -4452 -605 -2633 4998 -5548 2026 -2036 3826 1002 76 -652 2101 2652 -1451 -3429 1450 1601 -3298 -959 363 3593 -4225 419 2406 -2981 -1474 
-2880 -4811 980 2154 -4276 -2927 1998 1930 869 -4083 4618 -172 101 -3051 4562 400 -516 -4467 -660 -4465 2036 -2555 4983 -5521 72 -2031 3811 974 -1467 -701 2047 2781 -3277 -3385 1442 1573 -4221 -924 317 3587 -1407 448 2472 -3049 
2121 -2876 -4808 1059 2000 -4165 -2932 1976 -176 878 -4062 4570 343 -3 -3057 4553 -4494 -491 -4491 -628 -5570 2020 -2583 4976 946 110 -2046 3787 2707 -1479 -707 2064 1585 -3233 -3451 1462 3617 -4247 -975 414 -3105 -1440 368 2338 
3756 2248 1271 -3221 2376 2896 -353 -633 1777 -657 4604 -3781 956 -170 4166 -1951 5013 -2567 2069 -5538 -855 -5530 3566 -5533 714 1517 3694 -2467 516 1855 1659 2443 1506 2009 1518 -823 1593 1403 -1664 2540 1970 -3086 18 -1794 
-3274 3730 2214 1319 -587 2366 2821 -289 -3876 1825 -677 4623 -1806 964 -191 4140 -5499 5037 -2616 2058 -5517 -834 -5529 3578 -2497 710 1458 3728 2431 541 1894 1623 -850 1635 2020 1569 2521 1552 1488 -1656 -1812 1962 -3094 -7 
1295 -3212 3784 2233 -330 -656 2385 2929 4608 -3777 1796 -696 4156 -1979 924 -227 1972 -5574 4991 -2589 3599 -5524 -855 -5519 3680 -2465 688 1461 1625 2447 496 1885 1479 -873 1506 2017 -1647 2531 1617 1430 -4 -1856 1933 -3119 
2267 1309 -3260 3815 2863 -340 -575 2392 -698 4599 -3890 1788 -142 4160 -1844 950 -2607 2009 -5518 4976 -5549 3572 -5521 -865 1438 3725 -2494 680 1814 1640 2458 575 2055 1545 -820 1489 1500 -1741 2495 1551 -3091 8 -1812 1937 
1401 -1326 -1568 1971 3448 -2185 -986 1255 309 22 303 1569 1967 -167 3507 3163 3831 -2055 94 971 691 -2452 3758 1471 -601 899 -856 913 1187 873 706 4063 6 25 -3439 1167 1661 -272 -575 1045 114 -5179 3379 1189 
1957 1382 -1364 -1539 1250 3411 -2196 -959 1584 314 39 243 3207 1945 -182 3542 993 3796 -2015 121 1446 717 -2500 3732 913 -581 921 -910 4073 1143 956 749 1114 17 -3 -3423 1035 1684 -299 -563 1176 14 -5178 3385 
-1542 1923 1370 -1338 -951 1202 3458 -2212 264 1530 274 53 3540 3155 1940 -172 107 985 3853 -2046 3718 1520 707 -2462 -854 863 -568 876 718 4066 1190 910 -3427 1128 14 0 -571 1109 1675 -310 3387 1202 1 -5172 
-1355 -1498 1948 1381 -2261 -964 1228 3391 42 268 1518 295 -234 3559 3199 1949 -2026 91 989 3813 -2425 3706 1465 746 901 -888 905 -609 979 750 4071 1163 37 -3447 1142 37 -292 -590 1020 1639 -5187 3403 1178 51 
3395 1414 -195 2226 1780 491 1572 3792 1518 2854 2502 782 993 1470 2829 553 2111 -688 -1436 2724 530 2434 1630 1840 1150 4052 753 892 -406 1018 4348 1039 3254 2947 -591 1172 142 410 2455 3707 513 -820 -107 3874 
2242 3381 1413 -190 3823 1800 484 1540 792 1476 2834 2486 554 1037 1435 2836 2653 2103 -685 -1468 1847 451 2444 1626 929 1184 4067 746 1072 -399 1073 4330 1196 3238 2965 -567 3692 175 416 2464 3889 511 -820 -157 
-206 2274 3396 1415 1574 3789 1777 501 2489 787 1461 2831 2852 553 1014 1476 -1451 2745 2119 -701 1564 1806 508 2452 750 933 1142 4075 4350 1035 -354 1036 -598 1236 3232 2964 2447 3736 161 396 -91 3886 534 -828 
1466 -205 2214 3380 460 1595 3766 1798 2850 2471 805 1490 1372 2874 542 1053 -663 -1455 2711 2046 2436 1630 1840 505 4079 759 926 1182 1026 4348 1000 -400 3005 -611 1216 3211 384 2446 3736 177 -819 -144 3908 490 
416 -2308 -3130 994 2138 -1870 -3142 1611 1933 763 -2245 1323 4171 554 482 3000 1492 -3360 -3297 1603 1592 -827 1533 2046 14 1104 -3422 16 3200 1227 -546 2968 -439 -591 -3460 -603 1576 -204 -1900 1531 -954 -1961 1691 1079 
987 434 -2277 -3105 1594 2174 -1882 -3114 1269 1907 762 -2221 2983 4238 539 450 1655 1480 -3442 -3243 2064 1561 -830 1516 29 26 1139 -3401 2969 3276 1226 -574 -611 -446 -585 -3410 1509 1560 -299 -1919 1074 -970 -1967 1732 
-3119 991 403 -2286 -3128 1623 2146 -1950 -2185 1307 1901 771 414 2997 4209 584 -3231 1539 1436 -3375 1553 2064 1538 -832 -3412 25 8 1141 -571 2955 3199 1200 -3456 -583 -391 -592 -1879 1519 1557 -288 1649 1076 -968 -1977 
-2288 -3085 944 418 -1928 -3120 1619 2135 804 -2249 1257 1970 522 466 3008 4219 -3410 -3241 1612 1474 -830 1536 2035 1545 1153 -3410 22 9 1200 -579 2962 3248 -590 -3436 -591 -408 -287 -1878 1509 1637 -1973 1680 1014 -999 
961 764 -3100 1172 540 687 -1064 2948 1575 1996 -156 1030 980 2681 758 1213 336 -905 -4241 3617 1580 2556 -1697 1407 1645 1117 -574 -290 183 3701 2443 413 1634 1520 -1844 -237 -530 2720 970 2660 -218 -572 -1991 4479 
1210 944 785 -3125 2945 531 708 -1054 1047 1550 1958 -156 1203 960 2693 762 3620 373 -966 -4221 1476 1582 2535 -1608 -347 1694 1076 -616 356 136 3715 2437 -283 1489 1527 -1891 2687 -523 2718 969 4441 -208 -585 -2003 
-3100 1163 980 745 -1037 2914 543 740 -192 1031 1561 1943 765 1159 930 2716 -4221 3629 336 -926 -1688 1372 1567 2517 -636 -259 1642 1083 2446 325 178 3696 -1864 -138 1623 1537 1005 2682 -512 2734 -1996 4449 -193 -586 
738 -3170 1179 936 732 -1020 2895 575 1946 -153 1051 1529 2702 786 1195 981 -917 -4224 3627 377 2542 -1649 1533 1653 1037 -557 -309 1649 3702 2421 396 177 1498 -1884 -255 1638 2688 916 2719 -533 -601 -2014 4419 -228 
587 1460 -1040 -866 1228 3428 -3082 -2018 1895 -83 1900 -4858 2482 1287 935 -2945 2419 332 -1451 -3056 1984 -1779 -38 -3140 52 1235 3392 -5145 533 3841 -170 -829 -930 1073 1658 -1942 -236 4429 -1970 -583 -392 810 -2221 743 
-903 566 1401 -1061 -1952 1264 3429 -3096 -4855 1874 -55 1905 -2976 2496 1372 916 -3000 2404 391 -1469 -3088 1965 -1822 14 -5193 3 1197 3379 -830 471 3878 -103 -1957 -985 1059 1650 -595 -183 4442 -2003 744 -363 748 -2203 
-1030 -843 647 1471 -3078 -1978 1238 3396 1886 -4870 1861 -48 909 -2917 2488 1345 -1429 -3069 2429 402 -48 -3149 1969 -1757 3371 -5189 76 1182 -139 -833 498 3885 1689 -1954 -931 1041 -1982 -589 -220 4454 -2262 734 -376 713 
1455 -1068 -843 603 3356 -3095 -1995 1243 -75 1905 -4866 1894 1321 945 -2933 2485 402 -1472 -3014 2396 -1817 30 -3111 1995 1235 3408 -5174 1 3912 -160 -811 477 1039 1646 -1951 -1005 4439 -2007 -582 -173 763 -2218 773 -389 
